339512202374612002574064972838977620291106670943370750136794253117201847
360081428269716403306077008745325648315282005665431686949038588922685709
381898410125242238010297493024317515075139149302289776819764430710124543
405037143675528688795722514649574655317904405610076737664016882337495209
429577731156826793458627482396679042063491831985377779054702344556703894
455605098734939768279493710489044513493000079436231284090685052948070161
483209239983330144507883190064464624064213308090908121022708885765945275
512485749190491521847725860368761112101533791457020227769309501179603140
543535937388765278060126968394961802286032719551746511552047532957866589
576467210863170499225764201127790849601436150467452079462999376640976365
611396193028994496002573853747105511974478550026441410858171799945515748
648438596537221985464500078239599120937660338547193007626564851840098030
687725127234124483078167955980667837856188039968367166392843749683951787
729394802583993448161907618504659587894809042126152957377606483025379762
773585727809320795054072033090152289346314653157517120774087846161818256
820457393845091623508722797369979322928439558588687584209406944869271457
870168696829131086509124610850240764252042095189797123169048837922599635
922887858947940266429081616281700914748972510980266931794041685279120363
978804978371686966277904091189019003838606709562010337469938525270705385
1038109774080370104175766681659952828389243752598478764703808208452373026
1101007548630567148125245391266382080126347874850034694345580217435421937
1167715880934156535686066307502347576466657807149082819978187484891503886
1238465703697863776068561815115127107514384023771957146972138493673042851
1313501749912936904474603034422058068444806699575994058173066769817331198
1393083776668834748789552596209232999241865762325989317143580527773534962
1477487064303073193133353726507496809004235256404756485900846308774277757
1567003797513824116635376977704709380296793910739648171493710457546860142
1661943611585315268858953523693785936415321292254241725429845527774686606
1762642591712459969604124473767591670913420581702711521513292390294153537
1869434751948374003914633916364557856275421963556184524855019782001200923
1982696491628971388602178538800554787978483269172815177046187502526311360
2102828715973445181992751275391826205758801946570170052881778867066247118
2230229603198148749103425686572028952153240946948250962835149747466419324
2365358740107365286530594383980158266645495089970899205649924535624015264
2508674775665829540866369217666824469025000065608493520876759140983295522
2660662155704009787924864713031215512335087650654378361087273517991706729
2821869073461959691774132794862261508937248818931414699609848693604683266
2992842489422724666118298969167860554460043615386190370215813873919556413
3174174283541394026282475259188967896035325839781464926733768935781744763
3366491716958862152740804451496136866580202091424844875186232610936890198
3570460553166741013347444030776763925168224994018860388854204834980332526
3786786341911404492828363584927319195350845895182657352109011490567559545
4016217952220893778474494042226952770861784933251478381400324944250383811
4259549001243036174792351986554306090251295517373376229109776098247596307
4517640891503491358346618724837576407213533067527692877417663159127264509
4791349293254408494149244640109820065908039601150654018549658512199717771
5081640069838065253998465622537571826321369840266645113995250748977940447
5389539250357363632843589339499096895845632323556703474255899104369735235
5716068931297282314014294244678258278347968612408990442910568862014085068
6062405865783052024575608315596451106852244421203177400634897003224827065
6429725489337616278265965517005928566335670976934388206499505952447910953
6819270864840868772015628815180679329775334503807605849313010528929656361
7232445093279330096503357104823813863418508915016006201996266863944842911
7670651562866274971664408418614594943336654525549767568148815189758167873
8135406754847321048593607248726433865698163006829578834625490619795807834
8628318387939812343872559026635536122102516659748910830502056459939494931
9151092804909490250040254571936564229077329367456067770296583439406577254
9705538368536513934381301843535941084284632592023835373492888438743035902
10293574437543817022200847929498018507260364006884159674015363510223572443
10917235112836285002685139364716395183717731363336721453196325630115687734
11578679267178720752637995277682003271864534904787557221625881464679948005
12280195841531579900696405055726840874248695532662853545168729002558198542
13024265360001420447622931689012675673245005747133998091046391598149407927
13813358611331086214216962959665243911503388365356077808359732279747436954
14650255998136833776973422618772579310901299788281201697703143895287600580
15537919757127580459600591447066644605048986281790425112538963447281403607
16479293313850119168381847358263095587590850887269689715470080734853125763
17477770175397043689250515277514489702359190146649793502731890289406535309
18536739137275498347624770167372736813194121344065009507485257168957425522
19659783902994180978038440640243456016739420366065824477231087408087590187
20850950966696643350538738466952876410301059593560155799619074422571486363
22114281627846352294071924159477190767455787839350611014471228047799412847
23454152447421703589469115522387706161493835759604596210937365687118016954
24875196815828689394101400755708401446298447647936519320227340938520629094
26382334011171879756627724367331062249993881474498040286592522653213635044
27980777473922302303549201773423933807740086053963522189657867823174607209
29676060542376625623758078564009031062667144629833154046799155386548649668
31474049672591156737506993682070594715027689226399467077162150907214633789
33381102824569782045407894180177899367069388931027830061913927040836049485
35403552267603352555213030431342845931108543111350084960561166885745235377
37548524518363736766251695828406058382506946487114571345999555131610478109
39823608939786302242404609954946022318511354093945195428393147152213120915
42236358215532713340371214186042055660056510352027901005244691395944638876
44795458186053136885459365215385583918942249865142905073546868706670052188
47509603535311061421617264174751187620984717359056572823035493449641584818
50387979896121734939609311800842363578890361567636569967592848595857177233
53440947800233752782577206165390398888220817671633394136041964281753164900
56678876224484125066173719930596127695073374843838819246508788080516892997
60112978365295732857237456041246658717308465633681146371147297394062511314
63755130227801038639944282138360282588925777526508896135020565664785841304
67617934866400510129927030325408154225599508204337348451105373986694979370
71714769215477737886576743146032896307770652320974315383534592594935689888
76059800903738432429721259523001950250726052916847211303159755524395288041
32087365885911168062721653499988857431024628719292649881555161070975172167
29032525671664710133964027787986640884360207008892614378507305575859082150
29352994693936527447554396332021043277342767699106983000858103291307103661
29338726537606440193508855302824156850336338052421800870931254034213973329
28897200671197135915732656234108504839366333925361344286391982050064661252
27915683770592826818348662498911139161783496035018247512471981379777711838
26255044382444009017659211082129596930159108513832402026110898605059000423
23741766660434945487958964257687791367593537273873337044642735244510130549
30587730921784590998664968598672959508515326247934277790688066869057744965
27372171931589182518526076756134667161103256931442714513207548898863067803
22835043669456145379968683112680648939491593502980421595889330949855929699
30915269255389196815697360055403262216883490096942876004129710115686071672
25136507185797608079288555425300332433125440601502758387154657192741518958
34187176345473256001207678363129268972300257836565324440486711490391458705
26796948552857569317174574554286918518855618239184015004059524652227672840
36927081053566375791690147767248821115669151573228302290810272072484546971
27445226165566966186849147111115433342369830740309088053031698850685761267
38773796074474990164461460425956188347971384724023023242300623117592237954
26574802412140680913650925152492965077747383504585701025496296962289938149
39231770928409466572549140861278453956957304774301290060386255530359930303
23498965611147978380739761219701271906741253721099960958294595601770971806
37621063539118163887492281349911746337595426810817056836663135595411603070
17286418199347516620524146366594927109494590366271096191820083776604780984
33022107850871235258998656843699000016560989578315589709561630244816979320
49819438667951111633529078408040261498157161697319840118007690795594627092
24186065747214078923206988215098238248601923774901089339793432382481054588
42880028358331439770530738978711516955829233792861736414106081851524435711
62839043210531314084480474642716967737965934733451352785199399511698891173
30187285345872438034303814231520719031009290048029408748616617871969622700
52372542256013118469085521646475043749147063577066626544985612381570097185
76063226133027504363326636052371042606706065108837544283042159804948754895
34058871664988073781638380027489385395900326339999155012724615774896791361
60351819405304811796889467715317538401271329163305774890865404817328223792
88437774449382472357990846937471187422593251366815362936571659849692309548
33898180929573011446101584085952917506915686906646933053620323986024519664
65013263074968041616571624034889091864022612473580393084425708195398616083
41973350044816026487354591180286221351757227490611840659772004675337771762
26832821148784164842727425171760063476564019770001284528776921509444138427
63590510418717139135050308007312760494178640658778574830392724377270119475
41241118648243690554542485667756543353489191814288473744220239925519251586
38584487146464581294518659346881869504934555820861701975103350355574456422
51904209492275571900855160807305597054171946659401930246571974655884552176
40516899410023374216759398084780477132852483947900419363145561064607095001
39739358438077663469272549360919288811421292295751337802687373414795921240
23731639240331709797925653076832233300461930004038008563426715994662203835
78290428120765615878788731799869169773327567611067413963082275395940373444
37246194493769118072565348363719887870055387571866259032540799246613945921
45739348915669541872799678075115207690442740494719105642819868202132880292
33889900425394882946401358967994650526322354632751879835618552026661649849
37986819881071135550902638264076653584838288798844390388636530196681903809
36398813862789351313333414959010510398199383107667286088391201883600078279
53790652152775898801769397700319153243907638049106383221358955338913876343
31880666637261854935396941071799130006112981711038134029871909203637275965
40009021047637490832469756324266745832586848717932295022927371421056405843
29192895623342963482201831668900962378924777521949659868029539664630811797
39800815563686963921573597041052656496671431614692874798490084631681717596
53319412847726771014861001982948855317923412040182721895899105557929879727
40458599810917464122839322230229467222013870510669868778854641154278566100
42823308342558159903365924411579750056007582134307326159102403290795949875
33003266597299195769004534350726456791356174045019747550830724461479704936
50098210505436768884621688001248913136305072920590105521879770875161720777
69432719280591480223523177970410742085532171033151894717183240124566929921
44490084292234518089921504814482476944608049899782503762812368453945521864
38536530465457248679157826007263396785939513378751184385874647316466563503
83978532872021933692423933931323925764013019559447564606726763939353898684
82317883777924322444151299162458984411990832444037801993719523533888851852
34040596702389085173243319432336760862074412496897952441004195489711739188
32430806024507466311790644870237548634302383027551588404830577384988619937
68233540872336750798481016378167643529478612847646591531559032456746508162
54510099798255074479687437251400309000240289747844047833169698520554060705
54085533160204583590518207482983051868328368520064952256255502339130315151
39190231036794577153494088897887957245351144510969196135496691046077786812
25985129689473261977337536786425364631613400609196421815954385222020804206
36367251311039630922669000815286805195864911882321670419457102834310001132
32540692699465170888345935873833520169604231259708328770794803790807701583
47505121795381051523807213813600265126561946409527956052690158528264794146
38468635755538893974854748734798803342521111899442526718461156915676197686
80648413258906233505846487141634988926685320418059131760170951670319200517
30563313439520625545001838018446166047328637662028067343813854052660265030
29447508145016530427345588287590410082107965016029778706914685939037243093
44600500242838027407351379797399607746054801559483320502082410290143355229
24757903424639160510688672687694672807216013755623913398871579361892424503
27425129188548731842533683678767376312038045160323734219029823673294676100
72211863326625220508847961163626444825749152558279008835510820420833215612
51329942208589954570323474357532909862255802940920861107266213657950340192
66244076198694518195983084430153490883450543533015537693141323063557308677
47253886207567837581958708419856041161583008596524524172903553541266266444
27209458832200225443895572283829757788658778570713511127330157876442015262
64306594133283362973399495519624476895717361698229603052633660271415533628
40831768467337352764821755928043829086424220260670274839553617413512511563
40545007428463002121330401417434910826895854442284084579987746110067911257
36062006024211988112531628077198219573782539308324771681515510597727534905
43117146964401790136603137159451242115493953728898062224613645285831608022
32000287724722983467875929041710983594012433342803294200515893253967365999
52906712392019262444844431887489731568560838436969205119293444184869677754
68617810555446401874429552427655466178216335977829240739542023729732134062
85610929882168217972298935937778272559552210572859038267041818748144634410
54620154440326298923786806055960647784505703884162511452665179571717754466
66833378310314213639260707800245100624545822314982768650542340957859607305
35922779975580212245205445352093123979630548094284631913723197702976023846
44316836339226876178034891506721229532255986298279669846682705998686981320
70938245278176539021342177373610845391801345603653390334692782895442800285
72086487706261700084410306270458422106514374221923711814255516806877131941
59598923066620045553927198951233619856139682815785258691511133504011719728
63075920230638050343958570453552338579842720071171582407357736042547022838
59075773550292566061716195444195307439295588617876148460983848547130782341
49259305710036762008542836791763249114219525283875043946576858526538712115
